         0.0 
         6.6599731 
         13.3299561 
         20.0 
         26.6599121 
         33.3300781 
         40.0 
         46.6601563 
         53.3300781 
         60.0 
         66.6601563 
         73.3300781 
         80.0 
         86.6601563 
         93.3300781 
         100.0 


         800.0 
         1213.328125 
         1626.65625 
         2040.0 
         2453.34375 
         2866.65625 
         3280.0 
         3693.34375 
         4106.6875 
         4520.0 
         4933.3125 
         5346.6875 
         5760.0 
         6173.3125 
         6586.6875 
         7000.0 



         12.0 12.0 12.0 26.0 29.0 31.0 31.0 38.0 40.0 40.0 40.0 42.0 42.0 42.0 42.0 42.0 
         12.0 12.0 12.0 26.0 29.0 31.0 31.0 38.0 40.0 40.0 40.0 42.0 42.0 42.0 42.0 42.0 
         12.0 12.0 12.0 26.0 29.0 31.0 31.0 38.0 40.0 40.0 40.0 42.0 42.0 42.0 42.0 42.0 
         12.0 12.0 12.0 26.0 29.0 31.0 31.0 38.0 40.0 40.0 40.0 42.0 42.0 42.0 42.0 42.0 
         12.0 12.0 12.0 26.0 29.0 31.0 31.0 38.0 40.0 40.0 40.0 42.0 42.0 42.0 42.0 42.0 
         12.0 12.0 12.0 26.0 29.0 31.0 31.0 38.0 40.0 40.0 40.0 42.0 42.0 42.0 42.0 42.0 
         12.0 12.0 12.0 26.0 29.0 31.0 31.0 38.0 40.0 40.0 40.0 42.0 42.0 42.0 42.0 42.0 
         12.0 12.0 12.0 26.0 29.0 31.0 31.0 38.0 40.0 40.0 40.0 42.0 42.0 42.0 42.0 42.0 
         12.0 12.0 12.0 26.0 29.0 31.0 31.0 38.0 40.0 40.0 40.0 42.0 42.0 42.0 42.0 42.0 
         12.0 12.0 12.0 26.0 29.0 31.0 31.0 38.0 40.0 40.0 40.0 42.0 42.0 42.0 42.0 42.0 
         12.0 12.0 12.0 26.0 29.0 31.0 31.0 38.0 40.0 40.0 40.0 42.0 42.0 42.0 42.0 42.0 
         12.0 12.0 12.0 26.0 29.0 31.0 31.0 38.0 40.0 40.0 40.0 42.0 42.0 42.0 42.0 42.0 
         12.0 12.0 12.0 26.0 29.0 31.0 31.0 38.0 40.0 40.0 40.0 42.0 42.0 42.0 42.0 42.0 
         12.0 12.0 12.0 26.0 29.0 31.0 31.0 38.0 40.0 40.0 40.0 42.0 42.0 42.0 42.0 42.0 
         12.0 12.0 12.0 26.0 29.0 31.0 31.0 38.0 40.0 40.0 40.0 42.0 42.0 42.0 42.0 42.0 
         12.0 12.0 12.0 26.0 29.0 31.0 31.0 38.0 40.0 40.0 40.0 42.0 42.0 42.0 42.0 42.0 
